0,0,0
39541,1450,76
39579,1450,76
39618,1450,76
39656,1450,76
39695,1450,76
39733,1450,76
39772,1450,76
39810,1450,76
39848,1450,76
39886,1450,76
39925,1450,76
39963,1450,76
40002,1450,76
40040,1450,76
40079,1450,76
40117,1450,76
40156,1450,76
40194,1450,76
40232,1450,76
40270,1450,76
40309,1450,74
40347,1450,74
40386,1450,74
40424,1450,74
40463,1450,74
40501,1450,74
40540,1450,74
40578,1450,74
40616,1450,74
40654,1450,74
40693,1450,74
40731,1450,74
40770,1450,74
40808,1450,74
40847,1450,74
40885,1450,74
40924,1450,74
40962,1450,74
41000,1450,74
41038,1450,74
41077,1450,74
41115,1450,74
41154,1450,74
41192,1450,74
41231,1450,74
41269,1450,74
41308,1450,78
41346,1450,78
41384,1450,78
41422,1450,78
41461,1450,78
41499,1450,78
41538,1450,78
41576,1450,78
41615,1450,78
41653,1450,78
41692,1450,78
41730,1450,78
41768,1450,78
41806,1450,78
41845,1450,78
41883,1450,78
41922,1450,78
41960,1450,78
41999,1450,78
42037,1450,78
42076,1450,78
42114,1450,78
42152,1450,78
42190,1450,78
42229,1450,78
42267,1450,78
42306,1450,78
42344,1450,78
42383,1450,78
42421,1450,78
42460,1450,78
42498,1450,78
42536,1450,78
42574,1450,78
42613,1450,78
42651,1450,78
42690,1450,78
42728,1450,78
42767,1450,78
42805,1450,78
42844,1450,78
42882,1450,78
42920,1450,78
42958,1450,78
42997,1450,78
43035,1450,78
43074,1450,78
43112,1450,78
43151,1450,78
43189,1450,78
43228,1450,78
43266,1450,78
43304,1450,81
43342,1582,81
43381,1582,81
43419,1582,81
43458,1582,81
43496,1582,81
43535,1582,81
43573,1582,81
43612,1582,81
43650,1582,81
43688,1582,81
43726,1582,81
43765,1582,81
43803,1582,81
43842,1582,81
43880,1582,81
43919,1582,81
43957,1582,81
43996,1582,81
44034,1582,81
44072,1582,81
44110,1582,81
44149,1582,81
44187,1582,81
44226,1582,81
44264,1582,81
44303,1582,55
44341,1582,55
44380,1582,55
44418,1582,55
44456,1582,55
44494,1582,55
44533,1582,55
44571,1582,55
44610,1582,55
44648,1582,55
44687,1582,55
44725,1582,55
44764,1582,55
44802,1582,55
44840,1582,55
44878,1582,55
44917,1582,55
44955,1582,55
44994,1582,55
45032,1582,55
45071,1582,55
45109,1582,55
45148,1582,55
45186,1582,55
45224,1582,55
45262,1582,55
45301,1582,51
45339,1582,51
45378,1582,51
45416,1582,51
45455,1582,51
45493,1582,51
45532,1582,51
45570,1582,51
45608,1582,51
45646,1582,51
45685,1582,51
45723,1582,51
45762,1582,51
45800,1582,51
45839,1582,51
45877,1582,51
45916,1582,51
45954,1582,51
45992,1582,51
46030,1582,51
46069,1582,51
46107,1582,51
46146,1582,51
46184,1582,51
46223,1582,51
46261,1582,51
46300,1582,51
46338,1582,51
46376,1582,51
46414,1582,51
46453,1582,51
46491,1582,51
46530,1582,51
46568,1582,51
46607,1582,51
46645,1582,51
46684,1582,51
46722,1582,51
46760,1582,51
46798,1582,51
46837,1582,51
46875,1582,51
46914,1582,51
46952,1582,51
46991,1582,51
47029,1582,51
47068,1582,51
47106,1582,51
47144,1582,51
47182,1582,51
47221,1582,51
47259,1582,51
47298,1582,51
47336,1582,52
47375,1582,52
47413,1582,52
47452,1582,52
47490,1582,52
47528,1582,52
47566,1582,52
47605,1582,52
47643,1582,52
47682,1582,52
47720,1582,52
47759,1582,52
47797,1582,52
47836,1582,52
47874,1582,52
47912,1582,52
47950,1582,52
47989,1582,52
48027,1582,52
48066,1582,52
48104,1582,52
48143,1582,52
48181,1582,52
48220,1582,52
48258,1582,52
48296,1582,52
48334,1582,51
48373,1582,51
48411,1582,51
48450,1582,51
48488,1582,51
48527,1582,51
48565,1582,51
48604,1582,51
48642,1582,51
48680,1582,51
48718,1582,51
48757,1582,51
48795,1582,51
48834,1582,51
48872,1582,51
48911,1582,51
48949,1582,51
48988,1582,51
49026,1582,51
49064,1582,51
49102,1582,51
49141,1582,51
49179,1582,51
49218,1582,51
49256,1582,51
49295,1582,51
49333,1582,51
49372,1582,51
49410,1582,51
49448,1582,51
49486,1582,51
49525,1582,51
49563,1582,51
49602,1582,51
49640,1582,51
49679,1582,51
49717,1582,51
49756,1582,51
49794,1582,51
49832,1582,51
49870,1582,51
49909,1582,51
49947,1582,51
49986,1582,51
50024,1582,51
50063,1800,51
50101,1800,51
50140,1800,51
50178,1800,51
50216,1800,51
50254,1800,51
50293,1800,51
50331,1800,53
50370,1800,53
50408,1800,53
50447,1800,53
50485,1800,53
50524,1800,53
50562,1800,53
50600,1800,53
50638,1800,53
50677,1800,53
50715,1800,53
50754,1800,53
50792,1800,53
50831,1800,53
50869,1800,53
50908,1800,53
50946,1800,53
50984,1800,53
51022,1800,53
51061,1800,53
51099,1800,53
51138,1800,53
51176,1800,53
51215,1800,53
51253,1800,53
51292,1800,53
51330,1800,61
51368,1800,61
51406,1800,61
51445,1800,61
51483,1800,61
51522,1800,61
51560,1800,61
51599,1800,61
51637,1800,61
51676,1800,61
51714,1800,61
51752,1800,61
51790,1800,61
51829,1800,61
51867,1800,61
51906,1800,61
51944,1800,61
51983,1800,61
52021,1800,61
52060,1800,61
52098,1800,61
52136,1800,61
52174,1800,61
52213,1800,61
52251,1800,61
52290,1800,61
52328,1800,61
52367,1800,61
52405,1800,61
52444,1800,61
52482,1800,61
52520,1800,61
52558,1800,61
52597,1800,61
52635,1800,61
52674,1800,61
52712,1800,61
52751,1800,61
52789,1800,61
52828,1800,61
52866,1800,61
52904,1800,61
52942,1800,61
52981,1800,61
53019,1800,61
53058,1800,61
53096,1800,61
53135,1800,61
53173,1800,61
53212,1800,61
53250,1800,61
53288,1800,61
53326,1800,61
53365,1800,61
53403,1800,61
53442,1800,61
53480,1800,61
53519,1800,61
53557,1800,61
53596,1800,61
53634,1800,61
53672,1800,61
53710,1800,61
53749,1800,61
53787,1800,61
53826,1800,61
53864,1800,61
53903,1800,61
53941,1800,61
53980,1800,61
54018,1800,61
54056,1800,61
54094,1800,61
54133,1800,61
54171,1800,61
54210,1800,61
54248,1800,61
54287,1800,61
54325,1800,61
54364,1800,61
54402,1800,61
54440,1800,61
54478,1800,61
54517,1800,61
54555,1800,61
54594,1800,61
54632,1800,61
54671,1800,61
54709,1800,61
54748,1800,61
54786,1800,61
54824,1800,61
54862,1800,61
54901,1800,61
54939,1800,61
54978,1800,61
55016,1800,61
55055,1800,61
55093,1800,61
55132,1800,61
55170,1800,61
55208,1800,61
55246,1800,61
55285,1800,61
55323,1800,61
55362,1800,61
55400,1800,61
55439,1800,61
55477,1800,61
55516,1800,61
55554,1800,61
55592,1800,61
55630,1800,61
55669,1800,61
55707,1800,61
55746,1800,61
55784,1800,61
55823,1800,61
55861,1800,61
55900,1800,61
55938,1800,61
55976,1800,61
56014,1800,61
56053,1800,61
56091,1800,61
56130,1800,61
56168,1800,61
56207,1800,61
56245,1800,61
56284,1800,61
56322,1800,60
56360,1800,60
56398,1800,60
56437,1800,60
56475,1800,60
56514,1800,60
56552,1800,60
56591,1800,60
56629,1800,60
56668,1800,60
56706,1800,60
56744,1800,60
56782,1800,60
56821,1800,60
56859,1800,60
56898,1800,60
56936,1800,60
56975,1800,60
57013,1800,60
57052,1800,60
57090,1800,60
57128,1800,60
57166,1800,60
57205,1800,60
57243,1800,60
57282,1800,60
57320,1800,61
57359,1800,61
57397,1800,61
57436,1800,61
57474,1800,61
57512,1800,61
57550,1800,61
57589,1800,61
57627,1800,61
57666,1800,61
57704,1800,61
57743,1800,61
57781,1800,61
57820,1800,61
57858,1800,61
57896,1800,61
57934,1800,61
57973,1800,61
58011,1800,61
58050,1800,61
58088,1800,61
58127,1800,61
58165,1800,61
58204,1800,61
58242,1800,61
58280,1800,61
58318,1800,60
58357,1800,60
58395,1800,60
58434,1800,60
58472,1800,60
58511,1800,60
58549,1800,60
58588,1800,60
58626,1800,60
58664,1800,60
58702,1800,60
58741,1800,60
58779,1800,60
58818,1800,60
58856,1800,60
58895,1800,60
58933,1800,60
58972,1800,60
59010,1800,60
59048,1800,60
59086,1800,60
59125,1800,60
59163,1800,60
59202,1800,60
59240,1800,60
59279,1800,60
59317,1800,60
59356,1800,60
59394,1800,60
59432,1800,60
59470,1800,60
59509,1800,60
59547,1800,60
59586,1800,60
59624,1800,60
59663,1800,60
59701,1800,60
59740,1800,60
59778,1800,60
59816,1800,60
59854,1800,60
59893,1800,60
59931,1800,60
59970,1800,60
60008,1800,60
60047,1800,60
60085,1800,60
60124,1800,60
60162,1800,60
60200,1800,60
60238,1800,60
60277,1800,60
60315,1800,60
60354,1800,60
60392,1800,60
60431,1800,60
60469,1800,60
60508,1800,60
60546,1800,60
60584,1800,60
60622,1800,60
60661,1800,60
60699,1800,60
60738,1800,60
60776,1800,60
60815,1800,60
60853,1800,60
60892,1800,60
60930,1800,60
60968,1800,60
61006,1800,60
61045,1800,60
61083,1800,60
61122,1800,60
61160,1800,60
61199,1800,60
61237,1800,60
61276,1800,60
61314,1800,60
61352,1800,60
61390,1800,60
61429,1800,60
61467,1800,60
61506,1800,60
61544,1800,60
61583,1800,60
61621,1800,60
61660,1800,60
61698,1800,60
61736,1800,60
61774,1800,60
61813,1800,60
61851,1800,60
61890,1800,60
61928,1800,60
61967,1800,60
62005,1800,60
62044,1800,60
62082,1800,60
62120,1800,60
62158,1800,60
62197,1800,60
62235,1800,60
62274,1800,60
62312,1800,60
62351,1800,60
62389,1800,60
62428,1800,60
62466,1800,60
62504,1800,60
62542,1692,60
62581,1692,60
62619,1692,60
62658,1692,60
62696,1692,60
62735,1692,60
62773,1692,60
62812,1692,60
62850,1692,60
62888,1692,60
62926,1692,60
62965,1692,60
63003,1692,60
63042,1692,60
63080,1692,60
63119,1692,60
63157,1692,60
63196,1692,60
63234,1692,60
63272,1692,60
63310,1692,57
63349,1692,57
63387,1692,57
63426,1692,57
63464,1692,57
63503,1692,57
63541,1692,57
63580,1692,57
63618,1692,57
63656,1692,57
63694,1692,57
63733,1692,57
63771,1692,57
63810,1692,57
63848,1692,57
63887,1692,57
63925,1692,57
63964,1692,57
64002,1692,57
64040,1692,57
64078,1692,57
64117,1692,57
64155,1692,57
64194,1692,57
64232,1692,57
64271,1692,57
64309,1692,55
64348,1692,55
64386,1692,55
64424,1692,55
64462,1692,55
64501,1692,55
64539,1692,55
64578,1692,55
64616,1692,55
64655,1692,55
64693,1692,55
64732,1692,55
64770,1692,55
64808,1692,55
64846,1692,55
64885,1692,55
64923,1692,55
64962,1692,55
65000,1692,55
65039,1692,55
65077,1692,55
65116,1692,55
65154,1692,55
65192,1692,55
65230,1692,55
65269,1692,55
65307,1692,55
65346,1692,55
65384,1692,55
65423,1800,55
65461,1800,55
65500,1800,55
65538,1800,55
65576,1800,55
65614,1800,55
65653,1800,55
65691,1800,55
65730,1800,55
65768,1800,55
65807,1800,55
65845,1800,55
65884,1800,55
65922,1800,55
65960,1800,55
65998,1800,55
66037,1800,55
66075,1800,55
66114,1800,55
66152,1800,55
66191,1800,55
66229,1800,55
66268,1800,55
66306,1800,60
66344,1800,60
66382,1800,60
66421,1800,60
66459,1800,60
66498,1800,60
66536,1800,60
66575,1800,60
66613,1800,60
66652,1800,60
66690,1800,60
66728,1800,60
66766,1800,60
66805,1800,60
66843,1800,60
66882,1800,60
66920,1800,60
66959,1800,60
66997,1800,60
67036,1800,60
67074,1800,60
67112,1800,60
67150,1800,60
67189,1800,60
67227,1800,60
67266,1800,60
67304,1800,60
67343,1000,60
67381,1000,60
67420,1000,60
67458,1000,60
67496,1000,60
67534,1000,60
67573,1000,60
67611,1000,60
67650,1000,60
67688,1000,60
67727,1000,60
67765,1000,60
67804,1000,60
67842,1000,60
67880,1000,60
67918,1000,60
67957,1000,60
67995,1000,60
68034,1000,60
68072,1000,60
68111,1000,60
68149,1000,60
68188,1000,60
68226,1000,60
68264,1000,60
68302,1093,60
68341,1944,16
68379,1026,16
68418,1991,16
68456,1000,16
68495,1996,16
68533,1016,16
68572,1959,16
68610,1073,16
68648,1883,16
68686,1167,16
68725,1774,16
68763,1288,16
68802,1642,16
68840,1428,16
68879,1498,16
68917,1574,16
68956,1354,16
68994,1714,16
69032,1222,16
69070,1835,16
69109,1114,16
69147,1928,16
69186,1038,16
69224,1984,16
69263,1002,16
69301,1999,16
69340,1008,51
69378,1972,51
69416,1056,51
69454,1904,51
69493,1142,51
69531,1802,51
69570,1258,51
69608,1674,51
69647,1395,51
69685,1532,51
69724,1541,51
69762,1386,51
69800,1683,51
69838,1250,51
69877,1809,51
69915,1136,51
69954,1909,51
69992,1052,51
70031,1975,51
70069,1007,51
70108,1999,51
70146,1003,51
70184,1982,51
70222,1042,51
70261,1923,51
70299,1119,51
70338,1828,74
70376,1229,74
70415,1705,74
70453,1362,74
70492,1565,74
70530,1507,74
70568,1419,74
70606,1651,74
70645,1280,74
70683,1782,74
70722,1160,74
70760,1889,74
70799,1068,74
70837,1963,74
70876,1014,74
70914,1997,74
70952,1000,74
70990,1989,74
71029,1029,74
71067,1940,74
71106,1098,74
71144,1853,74
71183,1202,74
71221,1736,74
71260,1330,74
71298,1599,74
71336,1473,72
71374,1453,72
71413,1618,72
71451,1311,72
71490,1754,72
71528,1185,72
71567,1867,72
71605,1087,72
71644,1949,72
71682,1023,72
71720,1993,72
71758,1310,72
71797,1619,72
71835,1452,72
71874,1474,72
71912,1598,72
71951,1331,72
71989,1735,72
72028,1202,72
72066,1852,72
72104,1099,72
72142,1940,72
72181,1029,72
72219,1989,72
72258,1000,72
72296,1997,72
72335,1014,61
72373,1963,61
72412,1068,61
72450,1889,61
72488,1159,61
72526,1782,61
72565,1280,61
72603,1651,61
72642,1419,61
72690,1846,61
72728,1210,61
72767,1727,61
72805,1340,61
72844,1589,61
72882,1483,61
72921,1443,61
72958,1628,61
72997,1302,61
73035,1762,61
73074,1178,61
73112,1874,61
73151,1081,61
73189,1954,61
73228,1020,61
73266,1995,61
73305,1000,61
73342,1994,68
73381,1022,68
73419,1951,68
73458,1085,68
73496,1869,68
73535,1183,68
73573,1756,68
73612,1308,68
73650,1621,68
73689,1450,68
73726,1476,68
73765,1595,68
73803,1333,68
73842,1733,68
73880,1204,68
73919,1851,68
73957,1100,68
73996,1938,68
74034,1030,68
74073,1989,68
74110,1000,68
74149,1998,68
74187,1013,68
74226,1964,68
74264,1067,68
74303,1891,68
74341,1157,75
74380,1785,75
74418,1277,75
74457,1654,75
74494,1416,75
74533,1510,75
74571,1562,75
74610,1365,75
74648,1702,75
74687,1232,75
74725,1826,75
74764,1121,75
74802,1921,75
74841,1043,75
74878,1981,75
74917,1004,75
74955,1999,75
74994,1006,75
75032,1975,75
75071,1051,75
75109,1911,75
75148,1134,75
75186,1812,75
75225,1248,75
75262,1136,75
75301,1910,75
75339,1052,72
75378,1975,72
75416,1007,72
75455,1999,72
75493,1003,72
75532,1981,72
75570,1042,72
75609,1923,72
75646,1120,72
75685,1828,72
75723,1230,72
75762,1705,72
75800,1363,72
75839,1565,72
75877,1507,72
75916,1419,72
75954,1651,72
75993,1280,72
76030,1782,72
76069,1159,72
76107,1889,72
76146,1068,72
76184,1963,72
76223,1013,72
76261,1997,72
76300,1000,72
76338,1989,68
76377,1029,68
76414,1940,68
76453,1099,68
76491,1852,68
76530,1202,68
76568,1735,68
76607,1331,68
76645,1598,68
76684,1474,68
76722,1452,68
76761,1619,68
76798,1311,68
76837,1754,68
76875,1185,68
76914,1867,68
76952,1086,68
76991,1949,68
77029,1023,68
77068,1993,68
77106,1000,68
77145,1995,68
77182,1019,68
77221,1955,68
77259,1079,68
77298,1875,68
77336,1176,69
77375,1764,69
77413,1299,69
77452,1631,69
77490,1440,69
77529,1486,69
77566,1586,69
77605,1342,69
77643,1724,69
77682,1212,69
77720,1844,69
77759,1106,69
77797,1934,69
77836,1034,69
77874,1987,69
77913,1001,69
77950,1998,69
77989,1011,69
78027,1967,69
78066,1062,69
78104,1897,69
78143,1151,69
78181,1792,69
78220,1269,69
78258,1663,69
78297,1407,69
78334,1519,77
78373,1553,77
78411,1375,77
78450,1694,77
78488,1240,77
78527,1818,77
78565,1128,77
78604,1916,77
78642,1047,77
78681,1978,77
78718,1005,77
78757,1683,77
78795,1386,77
78834,1540,77
78872,1532,77
78911,1395,77
78949,1674,77
78988,1258,77
79026,1802,77
79065,1142,77
79102,1904,77
79141,1056,77
79179,1972,77
79218,1008,77
79256,1999,77
79295,1002,77
79333,1984,66
79372,1038,66
79410,1928,66
79449,1114,66
79486,1835,66
79525,1222,66
79563,1713,66
79602,1354,66
79640,1574,66
79679,1498,66
79717,1428,66
79756,1642,66
79794,1288,66
79833,1775,66
79870,1167,66
79909,1883,66
79947,1073,66
79986,1959,66
80024,1016,66
80063,1996,66
80101,1000,66
80140,1991,66
80178,1026,66
80217,1944,66
80254,1093,66
80293,1859,66
80331,1194,64
80370,1743,64
80408,1322,64
80447,1607,64
80485,1464,64
80524,1462,64
80562,1610,64
80601,1319,64
80638,1746,64
80677,1192,64
80715,1861,64
80754,1092,64
80792,1945,64
80831,1025,64
80869,1992,64
80908,1000,64
80946,1996,64
80985,1017,64
81022,1958,64
81061,1074,64
81099,1882,64
81138,1168,64
81176,1772,64
81215,1291,64
81253,1640,64
81292,1431,64
81330,1495,76
81369,1577,76
81406,1351,76
81445,1716,76
81483,1220,76
81522,1837,76
81560,1112,76
81599,1929,76
81637,1037,76
81676,1985,76
81714,1002,76
81753,1999,76
81790,1009,76
81829,1971,76
81867,1058,76
81906,1902,76
81944,1144,76
81983,1800,76
82021,1261,76
82060,1672,76
82098,1398,76
82137,1529,76
82174,1543,76
82213,1384,76
82251,1999,76
82290,1005,76
82328,1977,79
82367,1048,79
82405,1915,79
82444,1130,79
82482,1816,79
82521,1242,79
82558,1691,79
82597,1377,79
82635,1550,79
82674,1522,79
82712,1404,79
82751,1665,79
82789,1267,79
82828,1795,79
82866,1149,79
82905,1898,79
82942,1061,79
82981,1968,79
83019,1010,79
83058,1999,79
83096,1001,79
83135,1986,79
83173,1035,79
83212,1932,79
83250,1108,79
83289,1842,79
83326,1214,77
83365,1722,77
83403,1345,77
83442,1583,77
83480,1489,77
83519,1437,77
83557,1633,77
83596,1297,77
83634,1767,77
83673,1174,77
83710,1877,77
83749,1078,77
83787,1956,77
83826,1018,77
83864,1995,77
83903,1000,77
83941,1993,77
83980,1023,77
84018,1948,77
84057,1088,77
84094,1866,77
84133,1187,77
84171,1752,77
84210,1313,77
84248,1616,77
84287,1455,77
84325,1471,74
84364,1600,74
84402,1328,74
84441,1737,74
84478,1200,74
84517,1854,74
84555,1097,74
84594,1941,74
84632,1029,74
84671,1990,74
84709,1000,74
84748,1997,74
84786,1014,74
84825,1962,74
84862,1069,74
84901,1888,74
84939,1161,74
84978,1780,74
85016,1282,74
85055,1649,74
85093,1421,74
85132,1505,74
85170,1567,74
85209,1360,74
85246,1707,74
85285,1228,74
85323,1830,77
85362,1118,77
85400,1924,77
85439,1041,77
85477,1982,77
85516,1003,77
85554,1999,77
85593,1007,77
85630,1974,77
85669,1053,77
85707,1908,77
85746,1688,77
85784,1245,77
85823,1814,77
85861,1132,77
85900,1912,77
85938,1050,77
85977,1976,77
86014,1006,77
86053,1999,77
86091,1004,77
86130,1980,77
86168,1044,77
86207,1920,77
86245,1123,77
86284,1824,77
86322,1234,82
86361,1700,82
86398,1368,82
86437,1559,82
86475,1513,82
86514,1413,82
86552,1000,82
