0,0,0
15461,1450,48
15475,1450,48
15493,1450,48
15501,1450,48
15509,1450,48
15519,1450,48
15532,1450,48
15542,1450,48
15552,1450,48
15563,1450,48
15574,1450,48
15584,1450,48
15596,1450,48
15606,1450,48
15619,1450,48
15627,1450,48
15635,1450,48
15644,1450,48
15652,1450,48
15661,1450,48
15669,1450,48
15677,1450,48
15686,1450,48
15694,1450,48
15705,1450,49
15713,1450,49
15722,1450,49
15729,1450,49
15737,1450,49
15746,1450,49
15754,1450,49
15762,1450,48
15770,1450,48
15778,1450,48
15785,1450,48
15794,1450,48
15804,1450,48
15812,1450,48
15818,1450,48
15826,1450,48
15835,1450,48
15843,1450,48
15852,1450,48
15859,1450,48
15867,1450,48
15876,1450,48
15884,1450,48
15892,1450,48
15898,1450,48
15904,1450,48
15910,1450,48
15920,1450,48
15928,1450,48
15934,1450,48
15940,1450,48
15947,1450,48
15955,1450,48
15964,1450,48
15972,1450,48
15980,1582,48
15988,1582,48
15995,1582,48
16004,1582,48
16012,1582,48
16020,1582,48
16028,1582,48
16036,1582,48
16044,1582,48
16052,1582,48
16060,1582,48
16067,1582,48
16074,1582,49
16082,1582,50
16092,1582,50
16100,1582,50
16107,1582,51
16115,1582,51
16123,1582,52
16130,1582,52
16137,1582,52
16145,1582,52
16153,1582,53
16161,1582,53
16166,1582,53
16175,1582,53
16183,1582,53
16191,1582,53
16198,1582,53
16206,1582,53
16212,1582,53
16222,1582,53
16230,1582,53
16236,1582,54
16244,1582,54
16251,1582,54
16260,1582,54
16268,1582,54
16276,1582,54
16284,1582,54
16292,1582,54
16301,1582,54
16309,1582,54
16315,1582,54
16323,1582,54
16331,1582,54
16337,1582,54
16344,1582,54
16352,1582,54
16360,1582,54
16368,1582,54
16376,1582,54
16385,1582,54
16393,1582,54
16401,1582,54
16408,1582,54
16414,1582,54
16422,1582,54
16430,1582,54
16438,1582,54
16446,1582,54
16454,1582,54
16460,1582,54
16466,1582,54
16476,1582,54
16484,1582,54
16492,1582,54
16500,1582,54
16508,1582,54
16526,1582,54
16532,1582,54
16537,1582,54
16545,1582,54
16553,1582,54
16562,1582,54
16570,1582,54
16578,1582,54
16586,1582,54
16594,1582,54
16601,1582,54
16607,1582,54
16614,1582,54
16622,1582,54
16630,1582,54
16638,1582,54
16647,1582,54
16655,1582,54
16663,1582,54
16670,1582,54
16678,1582,54
16687,1582,54
16695,1582,54
16703,1582,54
16711,1582,54
16719,1582,54
16728,1582,54
16737,1582,54
16745,1582,54
16754,1582,54
16763,1582,54
16772,1582,54
16781,1582,54
16789,1582,54
16797,1582,54
16805,1582,54
16814,1582,54
16822,1582,54
16830,1582,54
16838,1582,54
16846,1582,54
16856,1582,54
16864,1582,54
16872,1582,54
16880,1582,53
16889,1582,54
16896,1582,54
16904,1582,54
16912,1582,54
16919,1582,54
16927,1582,54
16935,1582,54
16944,1582,54
16952,1582,54
16961,1582,54
16968,1582,54
16976,1800,54
16983,1800,54
16991,1800,54
16999,1800,54
17007,1800,54
17014,1800,54
17024,1800,54
17032,1800,54
17041,1800,54
17049,1800,54
17057,1800,54
17065,1800,55
17074,1800,55
17082,1800,56
17090,1800,56
17098,1800,56
17104,1800,56
17111,1800,56
17116,1800,56
17124,1800,56
17132,1800,56
17140,1800,56
17149,1800,56
17156,1800,56
17164,1800,56
17172,1800,56
17180,1800,56
17188,1800,56
17198,1800,56
17204,1800,56
17210,1800,56
17218,1800,56
17226,1800,56
17234,1800,56
17243,1800,56
17251,1800,56
17259,1800,56
17266,1800,56
17272,1800,56
17280,1800,56
17287,1800,56
17294,1800,56
17302,1800,56
17311,1800,56
17319,1800,56
17327,1800,56
17335,1800,56
17344,1800,56
17352,1800,56
17360,1800,56
17369,1800,56
17378,1800,56
17385,1800,56
17394,1800,56
17400,1800,56
17410,1800,56
17415,1800,56
17424,1800,56
17430,1800,56
17435,1800,56
17444,1800,56
17453,1800,56
17463,1800,56
17472,1800,56
17480,1800,56
17488,1800,56
17497,1800,56
17505,1800,56
17513,1800,56
17521,1800,56
17529,1800,56
17538,1800,56
17544,1800,56
17551,1800,56
17559,1800,56
17567,1800,56
17575,1800,56
17585,1800,56
17593,1800,56
17601,1800,56
17609,1800,56
17617,1800,56
17626,1800,56
17634,1800,56
17643,1800,56
17650,1800,56
17659,1800,56
17667,1800,56
17673,1800,56
17681,1800,56
17689,1800,56
17697,1800,56
17705,1800,56
17714,1800,56
17722,1800,56
17730,1800,56
17738,1800,56
17746,1800,56
17753,1800,56
18043,1800,56
18127,1800,56
18136,1800,56
18144,1800,56
18152,1800,56
18159,1800,56
18167,1800,56
18173,1800,56
18182,1800,56
18190,1800,56
18198,1800,56
18206,1800,56
18214,1800,56
18223,1800,56
18231,1800,56
18239,1800,56
18245,1800,56
18253,1800,56
18260,1800,56
18269,1800,56
18277,1800,56
18285,1800,56
18293,1800,56
18299,1800,56
18306,1800,56
18312,1800,56
18320,1800,56
18328,1800,56
18336,1800,56
18344,1800,56
18352,1800,56
18360,1800,56
18368,1800,56
18374,1800,56
18382,1800,56
18392,1800,56
18400,1800,56
18408,1800,56
18416,1800,56
18423,1800,56
18432,1800,56
18438,1800,56
18446,1800,56
18454,1800,56
18462,1800,56
18470,1800,56
18479,1800,56
18486,1800,56
18492,1800,56
18501,1800,56
18509,1800,56
18518,1800,56
18526,1800,56
18534,1800,56
18542,1800,56
18550,1800,56
18558,1800,56
18567,1800,56
18575,1800,56
18583,1800,56
18591,1800,56
18599,1800,56
18608,1800,56
18616,1800,56
18622,1800,56
18630,1800,56
18636,1800,56
18646,1800,56
18654,1800,56
18662,1800,56
18670,1800,56
18677,1800,56
18685,1800,56
18694,1800,56
18702,1800,56
18710,1800,56
18716,1800,56
18725,1800,56
18734,1800,56
18742,1800,56
18750,1800,56
18756,1800,56
18759,1800,56
18762,1800,56
18766,1800,56
18770,1800,56
18775,1800,56
18778,1800,56
18782,1800,56
18786,1800,56
18791,1800,56
18794,1800,56
18798,1800,56
18802,1800,56
18806,1800,56
18810,1800,56
18813,1800,56
18818,1800,56
18823,1800,56
18827,1800,56
18830,1800,56
18834,1800,56
18838,1800,56
18841,1800,56
18845,1800,56
18848,1800,56
18852,1800,56
18856,1800,56
18860,1800,56
18864,1800,56
18868,1800,56
18872,1800,56
18875,1800,56
18879,1800,56
18882,1800,56
18887,1800,56
18890,1800,56
18894,1800,56
18897,1800,56
18903,1800,56
18907,1800,56
18910,1800,56
18914,1800,56
18919,1800,56
18922,1800,56
18926,1800,56
18929,1800,56
18934,1800,56
18938,1800,56
18942,1800,56
18947,1800,56
18951,1800,56
18955,1800,56
18959,1800,56
18963,1800,56
18967,1800,56
18971,1800,56
18975,1800,56
18978,1800,56
18983,1800,56
18988,1692,56
18992,1692,56
18995,1692,56
18999,1692,56
19004,1692,56
19008,1692,56
19011,1692,56
19015,1692,56
19019,1692,56
19023,1692,56
19026,1692,56
19031,1692,56
19035,1692,56
19039,1692,56
19042,1692,56
19047,1692,56
19050,1692,56
19054,1692,56
19057,1692,56
19062,1692,56
19066,1692,56
19072,1692,56
19081,1692,56
19086,1692,56
19093,1692,56
19099,1692,56
19104,1692,56
19107,1692,56
19111,1692,56
19116,1692,56
19121,1692,56
19125,1692,56
19128,1692,56
19132,1692,56
19136,1692,56
19139,1692,56
19143,1692,56
19147,1692,56
19150,1692,56
19154,1692,56
19159,1692,56
19163,1692,56
19166,1692,56
19170,1692,56
19176,1692,56
19180,1692,56
19183,1692,56
19188,1692,56
19194,1692,56
19198,1692,56
19202,1692,56
19206,1692,56
19210,1692,56
19213,1692,56
19217,1692,56
19220,1692,56
19226,1692,56
19230,1692,56
19233,1692,56
19237,1692,56
19241,1692,56
19246,1692,56
19249,1692,56
19256,1692,56
19259,1692,56
19263,1692,56
19266,1692,56
19272,1692,56
19276,1692,56
19279,1692,56
19283,1692,56
19289,1692,56
19292,1692,56
19296,1692,56
19300,1692,56
19304,1692,56
19309,1692,56
19313,1692,56
19318,1692,56
19322,1692,56
19326,1692,56
19330,1692,56
19335,1692,0
19339,1692,0
19343,1692,0
19346,1692,0
19351,1692,0
19354,1692,0
19358,1692,0
19362,1692,0
19366,1692,0
19371,1692,0
19375,1692,0
19378,1692,0
19383,1692,0
19386,1692,0
19390,1692,0
19394,1692,0
19399,1692,0
19402,1692,0
19406,1692,0
19409,1692,0
19415,1692,0
19419,1692,0
19423,1692,0
19426,1692,0
19431,1692,0
19435,1692,0
19438,1692,0
19442,1692,0
19446,1692,0
19450,1692,0
19454,1692,0
19458,1692,0
19463,1692,4
19467,1692,4
19471,1692,4
19475,1692,4
19479,1692,4
19483,1692,29
19486,1692,29
19494,1692,29
19499,1692,29
19502,1692,29
19506,1692,29
19511,1692,29
19514,1692,29
19518,1692,29
19523,1692,29
19527,1692,29
19530,1692,29
19534,1692,29
19538,1692,29
19543,1692,29
19546,1692,29
19550,1692,29
19554,1692,29
19557,1692,29
19563,1692,29
19567,1692,29
19571,1692,6
19575,1692,6
19579,1692,6
19582,1692,6
19587,1692,6
19593,1692,6
19597,1692,6
19601,1692,6
19605,1692,6
19609,1692,6
19612,1692,6
19616,1692,6
19620,1692,6
19625,1692,9
19630,1692,9
19633,1692,9
19637,1692,9
19643,1692,9
19647,1692,9
19651,1692,9
19655,1692,9
19659,1692,9
19663,1692,9
19667,1692,9
19672,1692,9
19676,1692,9
19680,1692,9
19684,1692,9
19689,1692,9
19693,1692,9
19697,1692,9
19702,1692,9
19708,1692,9
19712,1692,9
19716,1692,9
19720,1692,9
19725,1692,9
19729,1692,9
19734,1692,9
19738,1692,9
19742,1692,9
19746,1692,9
19751,1692,9
19757,1692,9
19761,1692,9
19764,1692,9
19768,1692,9
19773,1692,9
19777,1692,9
19781,1692,9
19785,1692,9
19790,1692,9
19794,1692,9
19800,1692,9
19804,1692,9
19808,1692,9
19811,1692,9
19816,1692,9
19820,1692,9
19823,1692,9
19827,1692,9
19832,1692,9
19835,1692,9
19840,1692,9
19844,1692,9
19848,1692,9
19852,1692,9
19857,1692,9
19860,1692,2
19864,1692,2
19867,1692,2
19871,1692,2
19875,1692,2
19879,1692,2
19884,1692,2
19888,1692,2
19891,1692,2
19896,1692,2
19900,1692,2
19903,1692,2
19907,1692,2
19911,1692,2
19915,1692,2
19919,1692,2
19922,1692,2
19928,1692,2
19931,1692,2
19935,1692,2
19939,1692,2
19944,1692,2
19947,1692,2
19951,1692,2
19955,1692,2
19960,1692,2
19964,1692,2
19968,1692,2
19972,1692,2
19976,1692,2
19980,1692,2
19984,1692,4
19988,1692,4
19992,1692,4
19996,1692,4
19999,1692,4
20004,1692,4
20008,1692,4
20012,1692,4
20016,1692,4
20020,1692,4
20024,1692,4
20027,1692,4
20031,1692,4
20034,1692,4
20039,1692,4
20043,1692,4
20047,1692,4
20050,1692,4
20055,1692,4
20059,1692,4
20062,1692,4
20066,1692,4
20071,1692,4
20075,1692,4
20079,1692,4
20082,1692,4
20087,1692,4
20091,1692,4
20096,1692,4
20099,1692,4
20104,1692,4
20108,1692,4
20111,1692,4
20115,1692,4
20120,1692,4
20124,1692,4
20127,1692,4
20131,1692,4
20135,1692,4
20140,1692,4
20144,1692,4
20147,1692,4
20152,1692,4
20156,1692,4
20159,1692,4
20163,1692,4
20167,1692,4
20171,1692,4
20175,1692,4
20178,1692,4
20184,1692,4
20189,1692,6
20192,1692,6
20196,1692,58
20200,1692,58
20204,1692,58
20207,1692,58
20211,1692,58
20215,1692,58
20219,1692,58
20222,1692,58
20227,1692,58
20232,1692,58
20236,1692,58
20240,1692,58
20243,1692,58
20247,1692,58
20251,1692,58
20255,1692,58
20258,1692,58
20263,1692,58
20268,1692,58
20272,1692,58
20276,1000,58
20280,1000,58
20283,1000,58
20287,1000,58
20291,1000,58
20296,1000,58
20299,1000,58
20303,1000,58
20307,1000,58
20312,1000,58
20316,1000,58
20319,1000,58
20323,1000,58
20328,1000,58
20331,1000,58
20335,1000,58
20339,1000,58
20343,1000,3
20347,1000,3
20352,1000,56
20355,1000,56
20360,1000,56
20364,1000,54
20367,1000,54
20371,1000,53
20376,1000,53
20379,1000,53
20383,1000,51
20386,1000,51
20391,1000,49
20396,1000,49
20399,1000,49
20403,1000,47
20407,1000,47
20411,1000,47
20414,1000,46
20419,1000,46
20423,1000,46
20427,1000,44
20430,1000,44
20434,1000,44
20440,1000,42
20444,1000,42
20448,1000,42
20453,1000,38
20457,1000,38
20460,1000,38
20464,1000,38
20468,1000,33
20471,1000,33
20475,1000,33
20478,1000,33
20483,1000,33
20487,1000,25
20492,1000,25
20496,1000,25
20500,1000,25
20505,1000,27
20508,1000,27
20512,1000,27
20515,1000,27
20520,1000,27
20525,1000,27
20528,1000,27
20532,1000,27
20536,1000,27
20540,1000,27
20543,1000,27
20547,1000,27
20550,1000,27
20554,1000,27
20558,1000,27
20561,1000,27
20564,1000,27
20570,1000,27
20574,1000,27
20578,1000,27
20581,1794,27
20586,1791,27
20591,1789,27
20595,1789,27
20600,1780,27
20604,1780,27
20608,1780,27
20612,1780,27
20617,1780,27
20620,1765,27
20624,1765,27
20628,1759,27
20633,1759,27
20637,1753,27
20641,1750,27
20645,1750,27
20648,1750,27
20653,1741,27
20657,1741,27
20660,1741,27
20666,1728,27
20669,1728,27
20673,1728,27
20677,1718,27
20680,1718,27
20684,1718,27
20688,1718,27
20691,1718,27
20697,1718,27
20701,1718,27
20704,1696,27
20708,1692,27
20713,1692,27
20716,1687,27
20721,1683,27
20725,1680,27
20728,1680,27
20732,1680,27
20737,1671,27
20740,1671,27
20745,1671,27
20754,1654,2
20761,1654,2
20765,1654,2
20768,1654,2
20772,1654,2
20776,1654,2
20781,1630,2
20785,1630,2
20788,1630,2
20793,1630,2
20796,1630,2
20800,1614,2
20805,1614,2
20809,1614,2
20813,1605,2
20817,1605,8
20822,1605,8
20826,1605,8
20830,1605,8
20833,1605,8
20838,1581,8
20842,1581,8
20846,1581,17
20849,1581,17
20854,1568,17
20857,1568,17
20864,1561,17
20868,1557,17
20872,1557,21
20875,1557,21
20879,1557,21
20883,1557,21
20886,1541,21
20890,1541,23
20894,1541,23
20897,1541,23
20901,1528,23
20907,1524,23
20911,1524,23
20914,1524,25
20918,1524,25
20923,1510,25
20927,1504,25
20930,1501,27
20934,1501,27
20939,1494,27
20943,1494,27
20947,1494,27
20951,1494,28
20956,1494,28
20960,1494,28
20964,1494,28
20969,1471,30
20973,1465,30
20976,1465,30
20979,1465,34
20984,1454,34
20988,1452,34
20993,1447,43
20996,1444,43
21001,1441,43
21005,1441,43
21011,1441,27
21014,1441,27
21018,1441,27
21022,1441,27
21025,1441,33
21029,1441,33
21035,1413,33
21040,1408,35
21043,1408,35
21047,1408,35
21051,1399,35
21057,1399,37
21060,1399,37
21065,1387,37
21069,1387,39
21073,1387,39
21078,1387,39
21082,1374,40
21086,1374,40
21090,1374,40
21094,1364,41
21098,1362,41
21102,1358,41
21107,1358,41
21111,1349,41
21114,1349,41
21118,1343,42
21124,1339,42
21128,1337,42
21131,1334,42
21135,1330,42
21138,1327,42
21142,1325,42
21147,1322,42
21150,1319,42
21154,1316,43
21158,1316,43
21163,1316,43
21166,1306,43
21170,1303,43
21174,1303,43
21179,1303,43
21182,1303,43
21186,1292,43
21191,1292,43
21194,1292,43
21198,1292,43
21201,1292,42
21206,1292,42
21211,1292,42
21214,1292,42
21218,1292,42
21221,1292,42
21226,1261,42
21229,1261,42
21233,1261,42
21236,1261,42
21241,1261,42
21245,1248,42
21249,1248,41
21253,1248,41
21258,1240,41
21262,1240,41
21265,1235,41
21269,1235,41
21274,1235,41
21277,1235,41
21281,1235,41
21284,1222,40
21289,1222,40
21294,1222,40
21297,1222,40
21301,1222,40
21306,1222,40
21309,1222,39
21313,1222,39
21316,1202,39
21321,1202,39
21325,1202,39
21328,1202,39
21332,1193,39
21336,1193,39
21341,1193,38
21344,1193,38
21348,1193,38
21351,1181,38
21355,1181,38
21359,1177,38
21362,1175,37
21366,1175,37
21371,1175,37
21374,1175,37
21379,1175,37
21382,1163,37
21387,1163,37
21391,1163,36
21394,1163,36
21398,1163,36
21403,1151,36
21406,1151,36
21410,1151,36
21413,1151,36
21419,1151,36
21422,1141,35
21426,1139,35
21429,1139,35
21434,1139,35
21438,1134,35
21441,1132,35
21445,1130,35
21448,1130,34
21452,1130,34
21456,1130,34
21459,1130,34
21464,1130,34
21468,1130,34
21472,1130,34
21475,1130,34
21479,1130,33
21484,1113,33
21488,1111,33
21492,1111,33
21496,1108,32
21499,1106,32
21504,1106,32
21508,1103,32
21512,1103,32
21516,1100,32
21519,1099,32
21524,1097,32
21528,1097,31
21532,1097,31
21535,1097,31
21541,1091,31
21544,1091,30
21549,1091,30
21552,1091,30
21557,1091,30
21563,1091,30
21566,1091,30
21570,1091,30
21574,1091,30
21579,1091,29
21582,1091,29
21586,1091,29
21591,1091,29
21596,1074,28
21599,1074,28
21603,1074,28
21607,1071,28
21611,1070,28
21615,1070,28
21618,1070,28
21622,1067,28
21627,1067,28
21630,1067,28
21635,1067,27
21639,1064,27
21643,1063,27
21647,1063,27
21651,1063,27
21654,1061,26
21658,1061,26
21662,1061,26
21665,1061,26
21669,1061,26
21675,1058,26
21679,1058,26
21682,1058,26
21686,1058,26
21691,1055,25
21694,1055,25
21698,1055,25
21701,1055,25
21707,1053,25
21710,1053,25
21714,1053,24
21718,1053,24
21724,1053,24
21728,1053,24
21732,1053,24
21735,1053,24
21740,1051,24
21745,1050,24
21749,1050,24
21752,1050,24
21756,1050,23
21761,1050,23
21765,1050,23
21768,1050,23
21773,1050,23
21777,1050,23
21780,1050,23
21785,1050,23
21789,1050,44
21793,1050,44
21796,1050,44
21800,1050,45
21806,1050,45
21812,1050,43
21816,1050,43
21820,1051,43
21825,1051,43
21829,1051,43
21832,1051,43
21836,1051,41
21841,1051,41
21846,1051,41
21849,1051,42
21853,1054,42
21858,1055,42
21861,1055,40
21865,1055,40
21869,1055,40
21874,1057,40
21877,1057,40
21881,1057,40
21885,1058,39
21890,1058,39
21893,1058,39
21897,1058,39
21901,1061,39
21904,1061,39
21908,1063,39
21912,1063,38
21916,1063,38
21920,1063,38
21924,1063,38
21927,1063,38
21934,1063,38
21940,1063,36
21944,1063,36
21948,1072,36
21952,1073,36
21960,1075,36
21964,1076,36
21968,1078,35
21975,1078,35
21980,1081,35
21983,1081,35
21987,1081,35
21990,1085,35
21994,1085,35
22000,1087,34
22004,1088,34
22007,1090,34
22012,1091,34
22016,1091,34
22020,1094,34
22024,1094,34
22028,1094,33
22032,1094,33
22036,1094,33
22039,1094,33
22044,1094,33
22048,1094,33
22051,1094,33
22055,1094,33
22060,1094,33
22064,1112,33
22068,1113,33
22071,1113,33
22076,1117,33
22080,1118,33
22083,1118,33
22087,1122,33
22091,1124,32
22097,1127,32
22102,1127,32
22105,1127,32
22109,1127,32
22115,1127,32
22119,1127,32
22122,1127,32
22127,1127,32
22131,1127,32
22134,1127,32
22138,1127,32
22142,1147,32
22147,1150,32
22150,1150,32
22154,1154,32
22158,1154,32
22166,1158,33
22169,1158,33
22176,1166,33
22180,1169,33
22184,1169,33
22188,1173,33
22193,1175,33
22197,1175,34
22200,1175,34
22204,1182,34
22209,1182,34
22213,1182,34
22216,1182,34
22220,1182,34
22225,1196,35
22230,1196,35
22233,1201,35
22237,1203,35
22242,1206,35
22246,1206,35
22249,1210,35
22253,1210,35
22257,1215,37
22263,1220,37
22266,1220,37
22272,1220,37
22276,1229,37
22280,1231,37
22283,1231,39
22289,1231,39
22293,1231,39
22296,1231,39
22300,1244,39
22304,1246,39
22308,1246,41
22312,1246,41
22317,1246,41
22321,1260,42
22325,1263,42
22329,1265,44
22332,1265,44
22337,1265,44
22341,1273,44
22345,1273,44
22349,1273,44
22352,1273,46
22356,1284,46
22361,1288,46
22364,1291,46
22371,1296,46
22376,1299,24
22380,1299,24
22384,1305,24
22390,1311,24
22394,1311,25
22398,1317,25
22405,1317,25
22412,1326,26
22418,1326,26
22422,1335,26
22426,1338,26
22431,1338,27
22437,1347,27
22441,1350,27
22446,1350,27
22450,1350,28
22456,1360,28
22460,1360,28
22464,1369,28
22469,1369,30
22472,1369,30
22476,1378,30
22481,1378,30
22484,1378,31
22489,1378,31
22493,1378,31
22498,1397,32
22502,1397,32
22506,1404,32
22509,1404,32
22514,1410,33
22518,1410,33
22522,1410,33
22525,1419,33
22530,1419,34
22534,1419,34
22537,1430,34
22541,1433,34
22545,1433,35
22549,1433,35
22553,1433,35
22558,1445,36
22561,1445,36
22565,1445,36
22569,1445,37
22573,1445,37
22578,1445,37
22582,1469,37
22585,1469,38
22589,1475,38
22593,1475,38
22597,1482,39
22600,1482,39
22604,1482,39
22611,1492,40
22615,1495,40
22619,1499,40
22622,1502,41
22627,1502,41
22631,1502,41
22634,1502,41
22638,1502,41
22642,1502,41
22646,1502,42
22650,1502,42
22653,1502,42
22659,1502,43
22663,1502,43
22667,1542,43
22670,1542,44
22675,1549,44
22679,1549,44
22683,1555,44
22686,1559,44
22692,1559,45
22695,1559,45
22700,1559,45
22705,1576,46
22710,1579,46
22713,1582,46
22717,1586,46
22721,1589,46
22726,1592,47
22730,1595,47
22733,1595,47
22738,1602,48
22743,1602,48
22746,1602,48
22750,1602,48
22754,1602,48
22757,1602,49
22761,1602,49
22766,1629,49
22770,1632,49
22773,1632,49
22777,1639,50
22780,1639,50
22786,1646,50
22789,1646,50
22793,1652,50
22800,1652,51
22804,1652,51
22808,1652,51
22812,1652,51
22816,1652,52
22822,1652,52
22828,1652,52
22831,1652,52
22835,1652,52
22838,1652,52
22842,1652,52
22846,1652,53
22850,1652,53
22853,1652,53
22857,1652,53
22861,1652,53
22866,1713,54
22871,1713,54
22874,1720,54
22878,1723,54
22882,1726,55
22885,1726,55
22888,1726,55
22893,1726,55
22899,1738,55
22903,1738,55
22907,1738,55
22910,1738,55
22915,1738,55
22918,1738,56
22922,1738,56
22927,1738,56
22931,1738,56
22934,1738,56
22938,1738,56
22941,1738,56
22945,1775,56
22948,1778,56
22952,1778,56
22956,1778,56
22961,1778,56
22967,1778,56
22970,1778,56
22974,1799,56
22979,1802,56
22982,1805,56
22986,1805,56
22989,1805,56
22994,1805,56
22998,1816,56
23003,1816,56
23006,1822,56
23012,1825,56
23016,1825,56
23024,1835,56
23028,1838,56
23031,1838,56
23037,1843,56
23043,1843,56
23047,1843,56
23050,1843,56
23054,1857,56
23058,1860,56
23065,1862,56
23068,1862,56
23073,1862,56
23077,1872,56
23081,1875,56
23086,1878,56
23090,1881,56
23095,1881,56
23099,1881,56
23102,1881,56
23106,1890,56
23111,1895,56
23115,1895,56
23118,1895,56
23122,1895,56
23128,1895,56
23131,1907,56
23135,1907,56
23140,1911,56
23144,1914,56
23147,1916,56
23151,1919,56
23156,1919,56
23159,1919,56
23163,1925,56
23169,1925,56
23174,1925,56
23178,1925,56
23182,1925,56
23186,1938,56
23190,1940,56
23194,1942,56
23199,1942,56
23203,1942,56
23208,1942,56
23213,1942,56
23216,1942,56
23220,1942,56
23225,1942,56
23229,1942,56
23233,1942,56
23237,1942,56
23241,1942,56
23244,1942,56
23248,1942,56
23252,1942,56
23257,1942,56
23261,1942,56
23265,1942,56
23269,1942,56
23273,1942,56
23276,1942,56
23283,1985,56
23287,1987,56
23290,1987,56
23294,1987,56
23299,1987,56
23303,1987,56
23307,1987,56
23310,1987,56
23315,1987,56
23318,1987,56
23324,1987,56
23327,1987,56
23331,1987,56
23335,2000,56
23340,2000,56
23343,2000,56
23347,2000,56
23351,2000,56
23355,2000,56
23359,2000,56
23362,2000,56
23366,2000,56
23369,2000,56
23373,2000,56
23378,2000,56
23383,2000,56
23387,2000,56
23391,2000,56
23395,2000,56
23399,2000,56
23402,2000,56
23406,2000,56
23410,2000,56
23414,2000,56
23418,2000,56
23422,2000,56
23427,2000,56
23431,2000,56
23436,2000,56
23440,2000,56
23443,2000,56
23448,2000,56
23452,2000,56
23456,2000,56
23461,2000,56
23464,2000,56
23469,2000,56
23473,2000,56
23478,2000,56
23482,2000,56
23486,2000,56
23491,2000,56
23494,2000,56
23498,2000,56
23502,2000,56
23508,2000,56
23512,2000,56
23516,2000,56
23519,2000,56
23524,2000,56
23528,2000,56
23531,2000,56
23535,2000,56
23539,2000,56
23543,2000,56
23546,2000,56
23550,2000,56
23556,2000,56
23559,2000,56
23563,2000,56
23566,2000,56
23571,2000,56
23577,2000,56
23580,2000,56
23584,2000,56
23589,2000,56
23593,2000,56
23597,2000,56
23601,2000,56
23606,2000,56
23609,2000,56
23613,2000,56
23616,2000,56
23621,2000,56
23624,2000,56
23628,2000,56
23631,2000,56
23639,2000,56
23642,2000,56
23646,2000,56
23649,2000,56
23655,2000,56
23659,2000,56
23663,2000,56
23666,2000,56
23671,2000,56
23675,2000,56
23678,2000,56
23683,2000,56
23688,2000,56
23691,2000,56
23695,2000,56
23698,2000,56
23702,2000,56
23708,2000,56
23711,2000,56
23716,2000,56
23720,2000,56
23725,2000,56
23728,2000,56
23733,2000,56
23737,2000,56
23740,2000,56
23744,2000,56
23749,2000,56
23752,2000,56
23756,2000,56
23759,2000,56
23763,2000,56
23769,2000,56
23772,2000,56
23776,2000,56
23781,2000,56
23786,2000,56
23789,2000,56
23793,2000,56
23797,2000,56
23802,2000,56
23805,2000,56
23810,2000,56
23814,2000,56
23817,2000,56
23821,2000,56
23824,2000,56
23829,2000,56
23833,2000,56
23836,2000,56
23840,2000,56
23845,1995,56
23849,1995,56
23853,1991,56
23857,1991,56
23862,1989,56
23866,1989,56
23869,1989,56
23873,1989,56
23878,1989,56
23881,1980,56
23885,1979,56
23889,1979,56
23894,1979,56
23898,1973,56
23901,1971,56
23905,1971,56
23910,1968,56
23913,1968,56
23917,1968,56
23921,1968,56
23925,1968,56
23929,1968,56
23933,1968,56
23938,1953,56
23942,1951,56
23946,1951,56
23949,1951,56
23953,1945,56
23958,1943,56
23961,1940,56
23966,1938,56
23970,1938,56
23974,1938,56
23977,1938,56
23982,1929,56
23986,1929,56
23990,1929,56
23994,1929,56
23998,1929,56
24004,1917,56
24008,1914,56
24011,1912,56
24016,1912,56
24022,1904,56
24026,1902,56
24030,1900,56
24033,1900,56
24038,1895,56
24041,1895,56
24045,1891,56
24049,1891,56
24053,1891,56
24057,1891,56
24061,1891,56
24065,1891,56
24070,1875,56
24073,1875,56
24077,1875,56
24081,1875,56
24086,1865,56
24090,1865,56
24093,1865,56
24098,1865,56
24102,1865,56
24107,1850,56
24111,1846,56
24115,1844,56
24119,1844,56
24123,1839,56
24126,1836,56
24131,1833,56
24137,1833,56
24141,1833,56
24145,1822,56
24150,1819,56
24154,1819,56
24158,1813,56
24162,1810,56
24167,1807,56
24170,1807,56
24174,1807,56
24178,1807,56
24182,1807,56
24186,1807,56
24190,1807,56
24195,1807,56
24199,1807,56
24203,1807,56
24207,1807,56
24211,1807,56
24215,1770,56
24219,1770,56
24223,1770,56
24227,1770,56
24232,1758,56
24237,1758,56
24241,1758,56
24245,1745,56
24249,1742,56
24253,1742,56
24256,1742,56
24261,1742,56
24265,1742,56
24269,1742,56
24272,1742,56
24278,1742,56
24282,1742,56
24285,1742,56
24289,1742,56
24293,1708,56
24299,1708,56
24302,1708,56
24306,1708,56
24309,1708,56
24313,1708,56
24316,1708,56
24321,1708,56
24325,1708,56
24329,1708,56
24332,1708,56
24336,1708,56
24339,1708,56
24343,1666,56
24346,1666,56
24350,1659,56
24353,1656,56
24358,1656,56
24361,1656,56
24366,1645,56
24369,1645,56
24374,1645,56
24377,1645,56
24382,1632,56
24385,1632,56
24389,1632,56
24393,1632,56
24396,1632,56
24400,1617,56
24404,1613,56
24409,1613,56
24412,1613,56
24416,1613,56
24421,1613,56
24424,1613,56
24428,1613,56
24432,1613,56
24436,1583,56
24440,1583,56
24444,1583,56
24450,1583,56
24454,1583,0
24457,1565,0
24461,1565,57
24466,1565,57
24470,1565,57
24474,1565,57
24477,1565,57
24481,1565,56
24485,1565,56
24489,1565,56
24493,1565,56
24497,1565,56
24501,1565,56
24505,1565,56
24509,1565,56
24512,1565,56
24516,1565,55
24522,1510,55
24525,1510,55
24530,1510,55
24535,1499,55
24541,1492,55
24544,1492,55
24550,1492,55
24553,1492,54
24557,1492,54
24561,1476,54
24565,1476,54
24569,1470,54
24572,1470,54
24577,1470,54
24582,1459,54
24585,1459,54
24589,1459,54
24592,1459,54
24597,1459,54
24601,1459,54
24604,1459,54
24608,1459,53
24613,1430,53
24617,1427,53
24622,1427,53
24625,1419,53
24630,1419,53
24634,1414,53
24638,1414,53
24641,1414,53
24646,1404,53
24650,1401,52
24654,1401,52
24657,1401,52
24662,1401,52
24667,1401,52
24671,1401,52
24675,1379,52
24679,1379,51
24683,1379,51
24687,1369,51
24691,1369,51
24694,1363,51
24700,1363,50
24704,1363,50
24708,1354,50
24711,1350,50
24715,1347,50
24718,1347,49
24722,1342,49
24726,1338,49
24729,1338,49
24733,1332,49
24736,1332,49
24741,1327,49
24744,1323,49
24749,1320,48
24753,1320,48
24758,1314,48
24761,1311,48
24766,1311,48
24769,1311,47
24774,1311,47
24777,1311,47
24782,1294,47
24785,1294,47
24790,1294,47
24794,1294,46
24797,1294,46
24801,1294,46
24805,1277,46
24809,1277,46
24813,1272,45
24816,1272,45
24821,1272,45
24825,1263,45
24829,1263,45
24834,1257,45
24838,1254,44
24842,1254,44
24845,1254,44
24849,1247,44
24854,1247,44
24857,1241,44
24861,1241,43
24864,1236,43
24869,1236,43
24873,1236,43
24877,1236,43
24881,1236,43
24886,1236,42
24889,1236,42
24893,1236,42
24897,1236,42
24902,1236,42
24905,1236,42
24909,1236,41
24913,1236,41
24918,1236,41
24922,1236,41
24925,1196,41
24930,1194,41
24934,1191,40
24938,1189,40
24941,1189,40
24945,1185,40
24949,1182,40
24953,1182,40
24957,1182,39
24961,1182,39
24966,1182,39
24969,1182,39
24973,1182,39
24976,1182,39
24981,1182,39
24987,1161,38
24990,1158,38
24994,1156,38
24999,1156,38
25004,1152,38
25007,1152,38
25011,1152,37
25016,1152,37
25019,1152,37
25023,1152,37
25026,1152,36
25031,1139,36
25034,1139,36
25038,1139,36
25041,1139,36
25046,1139,36
25050,1139,36
25053,1127,35
25057,1127,35
25061,1127,35
25066,1120,35
25070,1120,34
25074,1117,34
25079,1115,34
25083,1114,34
25086,1114,34
25091,1114,34
25096,1114,34
25100,1107,33
25103,1107,33
25107,1107,33
25111,1107,33
25116,1107,32
25119,1107,32
25123,1107,32
25127,1107,32
25131,1107,32
25137,1092,32
25140,1091,32
25144,1090,32
25149,1090,31
25152,1090,31
25156,1090,31
25159,1085,31
25163,1083,30
25166,1082,30
25170,1081,30
25175,1081,30
25179,1081,30
25183,1078,30
25187,1078,30
25191,1078,30
25195,1078,30
25199,1074,29
25203,1074,29
25208,1074,29
25211,1074,29
25216,1068,28
25220,1068,28
25224,1067,28
25228,1066,28
25233,1065,27
25237,1065,27
25241,1065,27
25244,1065,27
25248,1062,27
25252,1061,27
25255,1061,27
25260,1060,27
25264,1059,27
25267,1059,27
25271,1059,26
25275,1059,26
25279,1059,26
25282,1056,26
25287,1056,26
25290,1055,25
25294,1055,25
25298,1054,25
25303,1054,25
25307,1053,25
25310,1053,24
25315,1053,24
25320,1052,24
25324,1052,24
25327,1051,24
25331,1051,24
25336,1051,24
25339,1051,24
25344,1051,24
25348,1050,24
25352,1050,24
25356,1050,23
25359,1050,23
25363,1050,23
25368,1050,23
25371,1050,23
25375,1050,23
25378,1050,22
25383,1050,22
25388,1050,22
25392,1050,43
25395,1050,43
25400,1050,43
25403,1050,43
25407,1050,43
25411,1050,43
25414,1050,42
25418,1050,42
25421,1050,42
25425,1050,42
25430,1050,42
25439,1050,40
25443,1050,40
25448,1053,40
25451,1053,40
25455,1053,40
25458,1055,40
25463,1055,39
25467,1056,39
25470,1056,39
25475,1056,39
25480,1058,39
25484,1058,39
25487,1058,39
25491,1059,38
25496,1060,38
25500,1060,38
25503,1060,38
25507,1060,38
25512,1060,38
25517,1065,36
25520,1065,36
25524,1065,36
25528,1065,36
25532,1065,36
25535,1069,36
25539,1069,36
25543,1071,35
25547,1071,35
25551,1073,35
25554,1073,35
25560,1073,35
25565,1073,35
25569,1073,35
25572,1073,35
25576,1073,34
25579,1073,34
25583,1073,34
25586,1083,34
25591,1083,34
25595,1083,34
25600,1083,34
25603,1083,33
25608,1091,33
25612,1092,33
25615,1092,33
25619,1092,33
25623,1092,33
25627,1097,33
25630,1098,33
25634,1098,32
25639,1098,32
25643,1103,32
25647,1105,32
25650,1105,32
25655,1105,32
25658,1109,32
25662,1111,32
25666,1111,32
25671,1111,32
25674,1115,32
25678,1115,32
25681,1119,32
25687,1121,32
25691,1121,32
25694,1124,32
25698,1126,31
25703,1128,31
25706,1128,31
25710,1128,31
25713,1128,32
25717,1135,32
25720,1135,32
25724,1139,32
25729,1141,32
25735,1145,32
25739,1145,32
25742,1145,32
25746,1145,32
25751,1145,32
25754,1155,32
25758,1155,32
25763,1155,32
25767,1161,32
25772,1161,32
25775,1161,32
25779,1168,33
25783,1168,33
25787,1168,33
25790,1168,33
25794,1177,33
25799,1177,33
25802,1177,33
25806,1177,34
25810,1177,34
25817,1190,34
25822,1193,34
25826,1193,34
25830,1199,34
25836,1202,36
25840,1204,36
25844,1206,36
25848,1209,36
25852,1209,36
25857,1209,36
25860,1209,36
25866,1209,37
25869,1209,37
25872,1209,37
25876,1209,38
25882,1209,38
25885,1235,38
25889,1235,39
25893,1235,39
25899,1235,39
25902,1235,40
25906,1235,40
25910,1235,40
25915,1256,42
25919,1258,42
25922,1258,42
25926,1258,42
25930,1258,42
25934,1258,42
25938,1272,44
25942,1275,44
25948,1278,44
25951,1281,44
25955,1284,44
25958,1287,46
25964,1287,46
25967,1287,46
25971,1287,46
25974,1298,46
25978,1298,46
25981,1298,24
25985,1298,24
25989,1298,24
25993,1298,24
25996,1298,24
26000,1298,25
26003,1298,25
26008,1298,25
26012,1327,25
26015,1327,25
26019,1327,26
26023,1336,26
26028,1336,26
26032,1336,26
26035,1336,26
26040,1349,27
26043,1349,27
26047,1355,27
26050,1355,27
26054,1361,27
26058,1361,29
26061,1367,29
26065,1370,29
26068,1373,29
26073,1373,30
26076,1380,30
26080,1383,30
26083,1383,30
26088,1383,31
26092,1392,31
26095,1396,31
26099,1399,31
26104,1399,32
26107,1405,32
26112,1408,32
26116,1408,32
26121,1415,33
26124,1415,33
26128,1415,33
26132,1415,33
26136,1427,34
26140,1427,34
26143,1434,34
26147,1434,35
26152,1444,35
26157,1444,35
26161,1451,35
26164,1451,36
26169,1451,36
26173,1451,36
26177,1451,37
26181,1467,37
26185,1470,37
26189,1474,38
26192,1474,38
26196,1480,38
26201,1484,38
26205,1484,39
26209,1484,39
26213,1493,39
26218,1493,40
26221,1493,40
26225,1493,40
26229,1510,41
26235,1513,41
26240,1513,42
26244,1520,42
26249,1524,42
26252,1524,42
26256,1524,42
26260,1537,42
26265,1540,43
26269,1544,43
26272,1544,43
26277,1550,44
26281,1554,44
26286,1558,44
26290,1561,44
26294,1561,44
26298,1568,45
26302,1568,45
26306,1568,45
26309,1568,46
26314,1568,46
26318,1587,46
26321,1587,46
26326,1587,46
26331,1587,47
26334,1587,47
26338,1587,47
26341,1587,48
26346,1587,48
26350,1614,48
26353,1617,48
26357,1617,48
26362,1624,49
26366,1627,49
26370,1627,49
26374,1627,49
26379,1638,49
26383,1638,50
26386,1638,50
26390,1638,50
26394,1638,50
26397,1638,50
26401,1638,51
26404,1660,51
26409,1660,51
26413,1660,51
26417,1660,51
26420,1674,52
26425,1677,52
26429,1677,52
26432,1677,52
26436,1677,52
26440,1677,53
26445,1695,53
26449,1699,53
26454,1699,53
26457,1699,53
26462,1709,53
26466,1709,53
26469,1715,54
26473,1718,54
26477,1721,54
26480,1721,54
26484,1721,54
26489,1730,55
26493,1730,55
26498,1730,55
26501,1730,55
26505,1730,56
26509,1730,56
26512,1749,56
26516,1753,56
26520,1753,56
26524,1753,56
26528,1753,56
26532,1753,56
26536,1753,56
26540,1753,56
26545,1777,56
26549,1777,56
26553,1782,56
26556,1782,56
26561,1789,56
26564,1789,56
26569,1789,56
26572,1789,56
26576,1789,56
26579,1789,56
26585,1806,56
26589,1809,56
26592,1812,56
26596,1812,56
26601,1812,56
26605,1812,56
26608,1823,56
26612,1823,56
26616,1823,56
26620,1823,56
26624,1834,56
26628,1834,56
26633,1840,56
26636,1840,56
26640,1840,56
26644,1840,56
26648,1853,56
26652,1853,56
26655,1853,56
26659,1853,56
26664,1863,56
26668,1867,56
26672,1869,56
26675,1871,56
26680,1874,56
26684,1877,56
26687,1877,56
26691,1881,56
26695,1881,56
26701,1881,56
26704,1881,56
26708,1881,56
26713,1881,56
26717,1881,56
26721,1881,56
26724,1881,56
26729,1881,56
26732,1881,56
26736,1881,56
26740,1881,56
26744,1881,56
26748,1917,56
26752,1917,56
26755,1917,56
26762,1917,56
26766,1917,56
26769,1917,56
26773,1931,56
26778,1931,56
26782,1931,56
26785,1931,56
26789,1931,56
26795,1931,56
26799,1945,56
26802,1948,56
26806,1950,56
26811,1951,56
26815,1951,56
26818,1951,56
26822,1957,56
26827,1959,56
26830,1959,56
26834,1963,56
26839,1963,56
26842,1963,56
26848,1971,56
26852,1971,56
26857,1971,56
26860,1971,56
26864,1977,56
26868,1979,56
26873,1981,56
26876,1982,56
26881,1982,56
26885,1982,56
26889,1982,56
26893,1982,56
26897,1982,56
26900,1982,56
26904,1994,56
26909,1994,56
26912,1994,56
26916,1994,56
26921,2000,56
26926,2000,56
26930,2000,56
26933,2000,56
26937,2000,56
26941,2000,56
26947,2000,56
26952,2000,56
26956,2000,56
26959,2000,56
26963,2000,56
26968,2000,56
26972,2000,56
26976,2000,56
26979,2000,56
26984,2000,56
26988,2000,56
26991,2000,56
26995,2000,56
26999,2000,56
27003,2000,56
27008,2000,56
27011,2000,56
27016,2000,56
27019,2000,56
27023,2000,56
27027,2000,56
27030,2000,56
27034,2000,56
27037,2000,56
27041,2000,56
27044,2000,56
27049,2000,56
27053,2000,56
27057,2000,56
27060,2000,56
27065,2000,56
27068,2000,56
27072,2000,56
27075,2000,56
27080,2000,56
27083,2000,56
27087,2000,56
27090,2000,56
27096,2000,56
27100,2000,56
27104,2000,56
27108,2000,56
27113,2000,56
27116,2000,56
27120,2000,56
27124,2000,56
27129,2000,56
27132,2000,56
27137,2000,56
27141,2000,56
27145,2000,56
27149,2000,56
27152,2000,56
27157,2000,56
27161,2000,56
27164,2000,56
27168,2000,56
27171,2000,56
27176,2000,56
27180,2000,56
27184,2000,56
27188,2000,56
27192,2000,56
27196,2000,56
27199,2000,56
27203,2000,56
27207,2000,56
27210,2000,56
27214,2000,56
27217,2000,56
27222,2000,56
27226,2000,56
27229,2000,56
27233,2000,56
27236,2000,56
27241,2000,56
27247,2000,56
27250,2000,56
27257,2000,56
27260,2000,56
27264,2000,56
27268,2000,56
27272,2000,56
27277,2000,56
27281,2000,56
27285,2000,56
27289,2000,56
27292,2000,56
27296,2000,56
27300,2000,56
27304,2000,56
27309,2000,56
27313,2000,56
27316,2000,56
27321,2000,56
27325,2000,56
27328,2000,56
27332,2000,56
27336,2000,56
27340,2000,56
27344,2000,56
27347,2000,56
27353,2000,56
27357,2000,56
27360,2000,56
27364,2000,56
27369,2000,56
27372,2000,56
27376,2000,56
27379,2000,56
27385,2000,56
27389,2000,56
27393,2000,56
27397,2000,56
27401,2000,56
27405,2000,56
27409,2000,56
27412,2000,56
27416,2000,56
27421,2000,56
27425,2000,56
27428,2000,56
27433,2000,56
27437,2000,56
27441,2000,56
27444,1996,56
27449,1996,56
27453,1992,56
27456,1991,56
27460,1991,56
27464,1991,56
27468,1986,56
27472,1985,56
27475,1985,56
27481,1985,56
27484,1985,56
27488,1985,56
27491,1985,56
27496,1985,56
27500,1985,56
27503,1985,56
27507,1985,56
27512,1965,56
27516,1965,56
27520,1961,56
27524,1959,56
27529,1959,56
27532,1956,56
27536,1954,56
27540,1952,56
27545,1950,56
27548,1948,56
27552,1946,56
27555,1946,56
27560,1946,56
27565,1940,56
27569,1940,56
27572,1935,56
27577,1933,56
27580,1933,56
27584,1929,56
27588,1926,56
27592,1926,56
27596,1926,56
27599,1926,56
27604,1926,56
27609,1926,56
27612,1926,56
27616,1926,56
27619,1926,56
27624,1904,56
27628,1901,56
27631,1901,56
27635,1896,56
27640,1896,56
27643,1896,56
27646,1896,56
27651,1886,56
27656,1884,56
27660,1882,56
27663,1879,56
27667,1876,56
27671,1874,56
27675,1874,56
27678,1869,56
27682,1866,56
27686,1866,56
27689,1866,56
27694,1858,56
27697,1858,56
27700,1858,56
27705,1851,56
27709,1848,56
27712,1848,56
27716,1848,56
27721,1848,56
27724,1837,56
27728,1834,56
27731,1832,56
27736,1829,56
27740,1826,56
27743,1823,56
27747,1821,56
27750,1821,56
27754,1821,56
27757,1821,56
27761,1821,56
27764,1821,56
27769,1821,56
27773,1801,56
27777,1801,56
27781,1801,56
27785,1791,56
27789,1788,56
27793,1788,56
27796,1788,56
27801,1788,56
27805,1777,56
27809,1777,56
27812,1771,56
27817,1771,56
27822,1764,56
27826,1764,56
27829,1764,56
27834,1756,56
27839,1750,56
27842,1750,56
27845,1750,56
27850,1750,56
27853,1750,56
27857,1750,56
27860,1750,56
27866,1727,56
27870,1725,56
27873,1725,56
27877,1725,56
27881,1725,56
27885,1725,56
27889,1725,56
27892,1725,56
27897,1725,56
27900,1725,56
27906,1696,56
27909,1693,56
27914,1689,56
27918,1689,56
27922,1689,56
27925,1689,56
27930,1689,56
27934,1689,56
27938,1667,56
27942,1664,56
27947,1661,56
27950,1657,56
27954,1654,56
27958,1654,56
27962,1654,56
27966,1654,56
27969,1654,56
27973,1654,56
27978,1654,56
27981,1654,56
27985,1654,56
27988,1625,56
27994,1625,56
27997,1625,56
28001,1625,56
28005,1625,56
28010,1625,56
28013,1605,56
28017,1605,56
28020,1598,56
28025,1595,56
28028,1595,56
28033,1588,56
28036,1588,56
28041,1588,56
28045,1588,56
28048,1574,56
28052,1571,56
28057,1571,56
28060,1571,56
28064,1571,0
28067,1558,0
28071,1558,0
28075,1558,57
28079,1558,57
28082,1544,56
28087,1544,56
28091,1544,56
28095,1544,56
28098,1544,56
28102,1544,56
28105,1525,56
28109,1525,56
28112,1518,56
28115,1515,56
28123,1511,55
28127,1511,55
28130,1511,55
28134,1511,55
28140,1494,55
28143,1491,55
28147,1488,55
28150,1485,55
28156,1485,54
28160,1485,54
28164,1485,54
28167,1485,54
28171,1467,54
28174,1467,54
28178,1461,54
28181,1458,54
28186,1458,53
28190,1451,53
28193,1451,53
28196,1445,53
28201,1445,53
28206,1445,53
28209,1435,53
28213,1435,52
28217,1435,52
28223,1422,52
28226,1422,52
28230,1422,52
28234,1422,52
28238,1409,52
28241,1409,51
28246,1409,51
28250,1399,51
28254,1396,51
28258,1393,51
28261,1393,51
28266,1393,51
28269,1384,51
28273,1384,51
28277,1377,51
28281,1374,50
28285,1371,50
28289,1367,50
28293,1367,50
28297,1367,50
28301,1367,49
28305,1367,49
28309,1367,49
28314,1367,49
28317,1367,49
28321,1367,49
28325,1367,49
28331,1367,49
28334,1367,48
28338,1367,48
28342,1367,48
28346,1322,48
28349,1319,48
28353,1319,47
28357,1313,47
28362,1310,47
28365,1307,47
28369,1304,47
28372,1304,47
28378,1298,47
28381,1295,47
28385,1292,47
28389,1289,46
28393,1289,46
28397,1284,46
28401,1284,46
28404,1284,46
28408,1276,45
28414,1276,45
28418,1276,45
28422,1276,45
28426,1276,45
28429,1276,45
28433,1276,44
28436,1276,44
28441,1276,44
28445,1248,44
28449,1248,44
28452,1248,44
28457,1241,43
28461,1237,43
28465,1234,43
28468,1234,43
28472,1234,43
28476,1234,43
28479,1234,42
28483,1234,42
28486,1234,42
28490,1234,42
28493,1234,42
28497,1234,42
28500,1234,42
28506,1209,41
28510,1209,41
28513,1209,41
28517,1202,41
28522,1202,41
28525,1202,41
28529,1202,40
28532,1202,40
28537,1191,40
28541,1186,40
28545,1186,40
28549,1186,40
28554,1186,39
28559,1186,39
28562,1175,39
28566,1172,38
28570,1172,38
28574,1168,38
28577,1168,38
28581,1168,38
28585,1168,38
28590,1159,38
28594,1157,37
28597,1157,37
28602,1153,37
28605,1153,37
28609,1153,37
28613,1153,37
28617,1153,37
28621,1153,36
28625,1140,36
28630,1140,36
28634,1140,36
28638,1140,36
28642,1140,36
28646,1140,36
28650,1128,35
28654,1128,35
28657,1128,35
28661,1128,35
28665,1128,34
28669,1128,34
28673,1128,34
28677,1116,34
28681,1114,34
28685,1114,34
28688,1114,34
28692,1109,34
28697,1109,33
28701,1109,33
28704,1109,33
28709,1109,32
28715,1109,32
28718,1099,32
28722,1099,32
28726,1099,32
28730,1095,32
28734,1095,32
28738,1095,32
28743,1095,31
28746,1095,31
28750,1088,31
28753,1088,31
28759,1088,30
28764,1088,30
28767,1088,30
28771,1088,30
28775,1088,30
28779,1078,30
28783,1078,30
28786,1078,30
28791,1078,30
28795,1078,29
28798,1078,29
28802,1078,29
28806,1078,29
28811,1070,28
28814,1069,28
28818,1068,28
28821,1068,28
28825,1068,28
28831,1066,27
28834,1065,27
28838,1065,27
28843,1065,27
28847,1065,27
28850,1065,27
28853,1065,27
28860,1065,27
28863,1065,27
28867,1065,26
28870,1065,26
28875,1065,26
28881,1065,26
28884,1056,26
28889,1056,25
28893,1055,25
28896,1055,25
28899,1054,25
28903,1053,25
28908,1053,24
28913,1053,24
28917,1053,24
28920,1053,24
28924,1053,24
28929,1053,24
28932,1053,24
28936,1053,24
28940,1051,46
28944,1051,46
28947,1051,46
28951,1051,46
28955,1051,46
28959,1051,46
28962,1051,45
28966,1051,45
28972,1050,45
28975,1050,45
28979,1050,45
28982,1050,45
28987,1050,43
28991,1050,43
28995,1050,43
28998,1050,43
29003,1050,43
29007,1050,42
29011,1050,42
29015,1050,42
29020,1051,42
29024,1051,42
29028,1051,42
29031,1051,42
29035,1052,40
29038,1052,40
29042,1052,40
29045,1052,40
29050,1052,40
29053,1052,40
29059,1055,39
29062,1055,39
29067,1055,39
29070,1055,39
29075,1055,39
29078,1055,39
29083,1058,39
29086,1058,38
29091,1058,38
29094,1060,38
29100,1060,38
29103,1060,38
29108,1060,38
29112,1060,37
29116,1060,37
29120,1060,37
29124,1060,37
29128,1060,37
29132,1060,37
29136,1060,37
29140,1070,36
29147,1071,36
29150,1071,36
29154,1071,36
29158,1074,36
29163,1075,36
29166,1075,36
29170,1075,35
29174,1075,35
29179,1081,35
29182,1081,35
29187,1081,35
29191,1084,35
29195,1084,35
29199,1087,34
29202,1087,34
29206,1089,34
29211,1091,34
29214,1091,33
29218,1091,33
29221,1095,33
29227,1095,33
29231,1098,33
29235,1098,33
29238,1101,33
29243,1102,33
29247,1102,33
29250,1102,33
29254,1102,33
29258,1108,32
29264,1108,32
29267,1108,32
29272,1108,32
29277,1108,32
29280,1108,32
29284,1120,32
29287,1122,32
29291,1123,32
29297,1123,32
29300,1123,32
29304,1123,32
29308,1130,32
29312,1130,32
29316,1130,32
29319,1130,32
29323,1130,32
29327,1140,32
29330,1142,32
29334,1142,32
29337,1142,32
29342,1148,32
29345,1149,32
29348,1152,32
29352,1154,32
29358,1154,32
29361,1158,32
29365,1158,32
29368,1158,33
29373,1158,33
29377,1158,33
29380,1158,33
29383,1171,33
29388,1171,33
29392,1171,33
29396,1171,33
29401,1171,34
29405,1182,34
29409,1182,34
29413,1182,34
29417,1182,34
29421,1182,34
29425,1196,34
29429,1196,35
29432,1201,35
29437,1201,35
29441,1201,36
29445,1208,36
29448,1211,36
29453,1213,36
29456,1213,37
29460,1218,37
29463,1221,37
29468,1223,38
29472,1223,38
29476,1228,38
29479,1231,38
29485,1231,39
29488,1236,39
29492,1239,39
29495,1241,40
29500,1241,40
29504,1241,40
29507,1241,41
29511,1241,41
29516,1241,41
29520,1241,42
29524,1241,42
29528,1241,42
29533,1268,44
29537,1268,44
29541,1268,44
29544,1268,44
29549,1268,44
29552,1268,47
29556,1268,47
29560,1268,47
29564,1290,47
29569,1290,47
29572,1290,47
29576,1299,24
29581,1302,24
29584,1302,24
29588,1302,24
29592,1302,24
29597,1314,25
29600,1314,25
29604,1314,25
29607,1314,25
29613,1329,26
29617,1332,26
29621,1335,26
29624,1338,26
29629,1338,26
29633,1344,27
29637,1344,27
29640,1344,27
29645,1344,27
29648,1356,28
29652,1356,28
29657,1363,28
29661,1366,28
29665,1366,28
29669,1366,30
29673,1366,30
29676,1366,30
29680,1381,30
29684,1381,31
29687,1381,31
29691,1381,31
29698,1397,32
29702,1397,32
29705,1397,32
29710,1397,32
29714,1410,33
29717,1413,33
29721,1416,33
29726,1420,33
29729,1422,35
29733,1422,35
29736,1429,35
29743,1433,36
29746,1433,36
29749,1433,36
29753,1433,36
29759,1433,36
29763,1433,36
29766,1433,36
29770,1459,37
29775,1459,37
29779,1459,37
29783,1459,38
29787,1459,38
29792,1459,38
29796,1479,39
29799,1479,39
29803,1486,39
29807,1488,39
29811,1488,40
29814,1495,40
29818,1499,40
29822,1499,40
29827,1499,40
29830,1499,40
29834,1513,41
29838,1515,41
29842,1515,41
29846,1515,42
29849,1515,42
29854,1528,42
29858,1528,43
29861,1528,43
29865,1528,43
29870,1528,43
29874,1528,43
29878,1528,43
29881,1528,44
29886,1528,44
29890,1528,44
29893,1566,45
29897,1566,45
29902,1572,45
29905,1575,45
29910,1579,45
29914,1579,46
29918,1579,46
29922,1579,46
29926,1579,46
29930,1595,46
29935,1599,47
29939,1599,47
29943,1599,47
29947,1612,48
29952,1615,48
29956,1615,48
29960,1622,48
29966,1622,48
29969,1622,49
29973,1622,49
29977,1622,49
29981,1642,49
29985,1645,49
29989,1648,50
29992,1648,50
29998,1656,50
30001,1656,50
30005,1662,50
30009,1662,51
30014,1668,51
30017,1668,51
30021,1674,51
30025,1674,51
30030,1681,52
30033,1681,52
30038,1681,52
30041,1681,52
30046,1681,53
30050,1681,53
30053,1681,53
30057,1704,53
30061,1707,53
30065,1707,53
30069,1707,53
30072,1707,53
30077,1723,54
30082,1726,54
30086,1726,54
30089,1732,54
30094,1736,55
30098,1736,55
30101,1736,55
30105,1736,55
30109,1736,55
30115,1750,56
30118,1750,56
30123,1750,56
30128,1750,56
30131,1750,56
30134,1750,56
30138,1750,56
30143,1775,56
30147,1778,56
30150,1778,56
30154,1778,56
30158,1786,56
30164,1786,56
30169,1786,56
30172,1786,56
30177,1786,56
30181,1786,56
30184,1786,56
30188,1786,56
30192,1786,56
30197,1816,56
30201,1819,56
30205,1819,56
30209,1819,56
30213,1819,56
30216,1830,56
30220,1832,56
30224,1835,56
30230,1838,56
30234,1838,56
30238,1838,56
30241,1838,56
30245,1838,56
30249,1838,56
30254,1838,56
30266,1863,56
30271,1863,56
30276,1870,56
30280,1870,56
30284,1870,56
30288,1870,56
30297,1885,56
30302,1888,56
30306,1890,56
30310,1890,56
30313,1890,56
30317,1890,56
30322,1890,56
30326,1890,56
30329,1890,56
30333,1890,56
30338,1890,56
30342,1890,56
30346,1890,56
30349,1890,56
30354,1921,56
30358,1923,56
30362,1925,56
30365,1927,56
30370,1929,56
30374,1929,56
30379,1929,56
30382,1929,56
30387,1929,56
30391,1940,56
30395,1940,56
30398,1940,56
30403,1946,56
30407,1950,56
30411,1950,56
30414,1950,56
30425,1958,56
30429,1960,56
30434,1962,56
30437,1962,56
30442,1962,56
30445,1962,56
30450,1962,56
30453,1962,56
30458,1975,56
30461,1977,56
30466,1978,56
30470,1980,56
30473,1980,56
30477,1980,56
30482,1980,56
30485,1980,56
30489,1980,56
30493,1000,56
